*.^>>>^>>>...
v>>..v>..v...
.........v>..
..........v..
..........v>.
...........v.
...........v.
...........v>
............v
............v
...........<v
...........v.
...........v>
102 [0,0|0],[0,1|13],[1,1|14],[2,1|15],[2,0|2],[3,0|3],[4,0|4],[5,0|5],[5,1|18],[6,1|19],[6,0|6],[7,0|7],[8,0|8],[9,0|9],[9,1|22],[9,2|35],[10,2|36],[10,3|49],[10,4|62],[11,4|63],[11,5|76],[11,6|89],[11,7|102],[12,7|103],[12,8|116],[12,9|129],[12,10|142],[11,10|141],[11,11|154],[11,12|167],[12,12|168]
2413432311323
3215453535623
3255245654254
3446585845452
4546657867536
1438598798454
4457876987766
3637877979653
4654967986887
4564679986453
1224686865563
2546548887735
4322674655533
